$ANSIBLE_VAULT;1.1;AES256
62316262313336363964316136326439646165316134633836356535333333653833373866633833
3234653433636266306161656636366261613534663239330a303334623562353132653464306635
31616239656261666439646162316164633331353734653365333639396134646431666164626233
6265393165646431620a316463336364336161653164326163346436346363356334313061633337
31356366623264396532626136656633376637383939303363643863303434623232393465613762
34303564646335353666336538373532623862313966383534313731393132336339363136623761
30646530343262626464636539346539316331393565636533356263633335366136643566393334
62306566633431323963636661393439353261343866383632353035636534363538613632616266
63363264316362376134623264616237363332333033633036343363336365626164313633396636
33306263303533613566343730383165343238626564353538386662626631333338353536346330
66626235393135396564623463663633373132633165323162636533666431376531653830626639
61353334376431306661656635353465356437316333633336343938616334343662663530663664
65336431363064393539303034383435656639353231663265663439343131303864333533306239
37613664353861373061343963343761343433363437323536313164336561383462336365643031
35383133303566656465633836643134306633366433353130616534323164363631346138346232
65313737646333373165626333653136336638343038616635643331336135636631613861393931
31613339613330343930343134663463666236306537613761333666643962666634636366383361
63336562633838393961303231353231323965643935343364626365396162326666646562666465
65653931363864366231393834633936626234313562386336663034393662346232616163376562
66356263316239373430623064386438623336626432633662633433303935656365633662613938
65666239393134333063393863623464623830653435353938373865663761333465343537373936
30643365626239623162313162303662366237633566343834376237386139336663613861666263
65363738333231633933316633653933363131356535346438386266363633396433383034356637
34356338343366363265653339626636373537613637613530633437353438663230633161346337
66363733313562353238653133333237356165393430323464653036396533306437326663666635
32663131663335323234346536656636396163366138333936333634656361636335323032303330
35353838303239303738353139366366633335653662646662376233383634323630366262366635
63393166613666346337393031646431316137303765343365396461316635386537366335313731
66373861386562376235393136333732306561633665613231353433386633313833366361383130
32326636613730666539333931613136376564353534343937333763633237316261326136623438
31663539303037323764623061636162613864616433343834303834653432643339623331636437
61653732363565663165633363303733666230646264303638353437323163656230356637356437
66353237623661383733623963633138383834386461633239373466633033316664356432393130
62326564373530386437376562636532633463373734376330326236623766333362663234396533
31316664626563393235323939396662383538653136646566623364636437343162363465646233
65303736343330623335396563303238346438323432326530313466643136656230373538396337
66326663363430653666653833623165623133663761613333366266316439323933366133363164
35303338303836666234393763643930306161613633363036383365383562633932623230316333
64333239616337353333373636653239633337636139653539313339636231613563326231376635
33336430373337373566653632343463653634653261396462643334343935336663376566356665
38386130333461623131343037323834366562663239613939343733326364636461306230346336
33366564656433366464303264646336343335333564346464366631363863386537316330303236
31323464396539613763633036646362376266376366616236383263366465363634663131616364
31343463633763366561633366666533333433383835316365336639343832306333336335643264
37346632323738396233666365356335303334386665386135313938633932323763373739363266
35366564356233376530653637313861383865393833643163336233656564666564666234646337
30363233386562316437376239373031636465366138396364333435653665643566336361613561
38333330653939626535663037333962373437353266326238613065336330353430646462353639
37396665373266306637633735383034376162333832346162353931366563353962653462613433
36613939646438306261626435383461663433363666383937396435633064316331653133363731
30376565336337306637646338633738663866386665393334323562313137666637306230396637
37346465333932336439326565343334343962653233636233663663313866383533663166653734
61643364653265353834643335396364373766363963393066316234303064623665343162376565
64626564643137356162616534346665653230313033366164623833323664643238656632386262
32316264306365663764383339656133383633366238666431353736366563363537366431643238
63623333353865393366336338333530643863646234306163383965353963373433633138363230
38656165663331363731373032366238663061366565623537636530303439393538663139343932
37396137323331366437626138363431633161666330623563313832306134373531666535376566
35343734663739383431383133633964393465366235623632363261613939303438633566363830
35336566646366333035313439306232643533363866306335373038386232353236623565366363
34616362333036383363626266626365366234626263376662333564383638336363386436643563
63633336653930386561326364343331623030313866383935323466323236313130303938393065
65356430383363613535333161663566636164316661666464643964386531383233383732343232
32393936343165663366336436666634323362323132343866633464616232646165323466323438
66333964373834626135373766303139623466393861343236643136333330373439633136363839
38643537653963343962373435303138653561666433663236313238343732373836373063396136
39663432633738396436376466336437613565336239653165333635653537303035646430386530
66303962656163313562376538623339306338373732623630333937373531303064623730343464
36333464663138373733626261636630646232306432346530363562383865303837623934373261
35313764373634643639306137633439303863616133356566323064653733393139396330656330
63623265383362666637643566373265653931383762373962316165393131656462663035616435
38653362323139656433666332353262336337653132633731623161626134306165326562343962
66323062613866353837613164656131303832393561623435393664663564313130643838646236
64393435333633333939643932313439346534333664613035643736653766623061663131363830
66663634333537396230323562626565356137663832356666333631346630646134343939393963
35373166353264326266663932336566336138313733383631343762616530306162623738633935
38383736616336646239646164313331333833343863643139313938383031653639326639636330
38656633623132356431633264636538306564656431336636613263306666333661656463313036
39653537643939353063623037623763386538643835346335326433643266613861393939316431
36653965643439653964636462633831636632343934383839663361623838623338336334306137
33313637366336313962333763313539653338356266363636656662616139623435386131383538
38323361646462316665303964313131386630323763383839306563616133326537336535626432
39313933356333656137653236616538643031383536363936353666343238303239636639343035
36363630323330643562333962643265343361643365333364346364623464383138653535346430
33313139346661393838353662313365616437663165333839306333313733303733353263343962
32316464376238653463323933656336336532323365343033323739623063333164386233393764
36356639313964303762636134386533623634343033393636666534353136666535386532666338
35373930623239633566316334336233363162613331346266343534623662633032383436323764
39383236396331363165616437326538623164623830666139356234363134643139346633336233
64373165396337346332366639666166623566643534393630353733666666633430313332633465
64616461303236323331306232346535303536383566623761303536323034333733616462383435
61363239613531646538386164346332626136313263346437313362303433663261626133326434
35303439343462323861336361613637323038306135323532623636303132383566376564643830
65333032353131336235653765656635373330306130623435386462336236333063343033316431
36366132386364373132646530306562613239343666663738613765646137393636316661613338
62623436333135373366373965306635326262383864633532363437633633613732663736376664
31656563393537363263343134663536353862343634306437333638316238333837303362623835
39306538316366346266616535656239653365613230313137323662393661313639653933363364
62353533376639653836646135336233386532336464666663333538363066323334373939623964
34323735323363303932366134396235306639633932643135336561396535616165383438366239
34623433663730386337333563366266333961346265616639363939333333636131376635323834
62663463663464373366643830383331646263336134373331343561626362656365636664623738
39316163346163343439333165366163613231343932623635303436306135323738393738323332
30306132353938353661346635383562373065326435633931376563613265613333666635346163
62656337383633643633356263346664336534643066316663393965323466393331303539663162
65653534323839383839653232613664613438306139643061313961386330353837323862646137
38373765396436643833393766633962613735336465373962396461356237393337326464623065
64396565393864393035346331623730653031393465333733383866383561353430626636646164
66663737306532626138353233656236326436626434663939613737633766366435383131653035
38356336373639353537616263653333343037326135626435663762386236383965323663633862
62623130626330613237306462363037323364323139363766383830636639376531326263383930
34613165646338393238386530303834613832376165613165623635656563336666663834393739
66353635313166326237333733616563363839306666626639643761376461373561663431656165
65306635653035393861393565363862333039373036303536323538363835373032376165386132
38356134396561613739313338373239313266383939306533653032666663333533303433343039
62336134383764336335333131306163393737333931613538653262623339663035623832393961
35623331333936363037373636306663336366643364393430633163666330303863336530643834
61646132376164356338623735616235633065393366643265663436653963386631353638366535
34303433616262663237613364393566663466383537666537383137636135616235623034663832
37613266303131326665636431653235313234363030353463346564346264613066393639336533
37633061303830316565353763343962313963396438626336616532646137636164333438316332
31393438353632323936613566323438393633336365623539363138373161373835373237366434
37323466366134313365396166636230383465366237636231636437366430663532633866366262
66386639666537303630313631333364613435663364323538383564393262613262616539333931
66386365363338633237663063383031313830626165613937336235366366653035613137346530
34643031376632663334323033656431346666336662303239333662663865613035373763343839
62346431643637613462613636336166323335376432626131636330613134323831393632616338
66306363613139396234303865616535333961653662616139646637343563316339306438346338
38633162666433356166623763383464653237633962353962663132303865343365326434336135
62623831383836383538653038343666343333663230333365333965623031616136306538396231
64653666313063643665333539373066316138633237363766643134646166363962333363333935
62643536383865323235373337336165663930666133303765636233373061346434326161303736
30623732386631616464666533326663666462333630343163333262383733333031616130393466
37366232616266333335613063356539323539343635346236396466313563356435643565346262
38373834646266366630373062633366323865313466343235663834306639616131386330623030
34646434653261376639663232396263656434356537313566643632346233373530656166366130
32646633613439653132353965383334376530313237386363613637336461663161373037633038
38626661393961353839376635343630386334313439363363643730306463613534366565313062
34333738333265663839323862313038653230383963303634363062613834336435363266336639
32336535333030383830623935343134323831366538613531613963393035363739383066633666
31336131333464366439363261313739376632626337663534626430363935313835343166393966
39613330363631306539633564616333623662373939613063653035333763663635366631386631
33323266653332333338633464313437363239623965383135643332623038373330303835633635
33663930303462303865373130653233653031646430646135373034376137313161626636353964
64396337353964306166623033316161643430306564376230623462643434633235393231343434
61366633356238386564666464393537616332303132613638326336333666343766366361656239
33333238613539333735666662303964303464326433386239313935393633396463343936353163
62653635653964626661343636623966336430393136646233333664396437343962316663383462
39363661373738626431323064663333656634373937653362656139613037646534643231373235
36623933396438303135396331313036663032663565666561663265386234613862333330383163
34373165616563633439663134356264616135333537333836366137323430666535633161663035
36386630303330636430613737653331656137373233373139313734383934393635646465653964
39376230373835623636666330646361633063316163373463396664396137313763343238396162
64396133653737303936363932316663653439646562393466393631363238633534366638356133
33323663353137383430376432353331396630613432323362313137653665366264343965343335
66623363333161383332323963306465393561613530353939316638303539383665643231633965
38383463393165323162346133353339633930616334333033393832386637353337346166376261
34653034363637383433386235323261306237646565383631633737616435643364383262316662
35346564356233653962396536356266623230623535643733346333613863323333653064333564
36316465396330303765373564376332636163306232633036353166653734366165663863323466
33363063623035313230646230376638323232326233303662353364636232393761613138626633
61303736323263353630643365336533626366343162643534313732656239396132326432366264
38623665643731393061643534313833313534663234303437346334373738313666393732623665
34623338316538663935663266636336636330393662653339346230303461653432386634393132
36356335653634313562306366623130313064636130376634643262666265656661656433623731
62643430373937396537343836316534373033633366663163643832623064386439396630626339
33323534623230626137323865383438366138363065393939343431323764646232613538656438
37306364333730663866353138346238663163646333666335393265636463356637326531333130
63656164633535353438323561376539633264383337626333623839386636356362666332343838
65306136653161626161643730373535613635636437323439323136343666313731386361623864
39353738313566373637363036333265303431623162353534323665643739356362393562343933
34356564616136366534623836346131633038653266306135373833313636333066643930353964
64366334626231376361643730303130636233383636633531386531326365353038326566613637
36646464313434663034346636333962333930663331663861373263323733663263646432356437
34306564636166663134666131353437333263386538383838376162316532663762343130366236
30336262303339653966363464653464353230386232353737636636613133656365386464636234
34613836363338656361316236303663366336303330666433666361626433373761376336366637
30333863376566333036313539653531313331646131393731383266396434643030346565333438
35663537346335343435663437613733343035303266373139336666653764316234313637643362
38663433313533396135353132333733306234623938336462303962633237626634356636396537
64623632373264626163646235613535313536383036333439333539623163316332373238313839
61643334313237626665633938373366333237623330613337363864653730633966663233333730
63333066316665653134656435633530376437343531393630623462633666616637323563656439
36316133313231393731366137656136363862313230356164363630363861653432643036616136
33343937333434656536653035376135653062623231653363366634303836643865656332633434
36323463346462393034383535383065373834353338666362366535396465386230343430653838
37363336383638633339623532643962373765623932653735376532376366333434346439306663
33323937663938613739343730316639313566626561633363383736656330393832323665376638
63373132653930396332306165356361663633343532383564353563336465396636333730383862
37613764326537306365353561643064393731306534376536313766666363663562623932666437
33303731663534346361626465373238613835346437316333613464333837646161393432363563
35613266316434346333373362326537666234666265626335646136653263663030666333646539
37396336653939326162333234626533336533663739653734386237353931396565306261343032
62316265366161343634653838633663393261336462383361323363623431636534346133356334
30613331313836636535333664363432366534373136656137393337636437356165666332386236
61373431303161383739386461353661613830643135633435626235626330656166343332623531
34613930336530313231383439313863646462333531363464383930663762383239623564376362
36383337323139616563643836343565393337313939313361643961336130343934613233313333
30393730393232613334343062306331316363356166613161346638383639653165343130636238
36383334666231323530316431313264653134613165626138326130333861396235633233636539
65663336343662663364626238336138383563333936623464633134353236313535356237633639
34616333336264353964373836396562636130343838646533363063653837373965663634366339
64623664333965323535336639323862643639623735646237376361326630323166313338663039
65613266353362356632333163313166663831373363336630626330616336626637373261303765
62366335323937626564633134623163313438656430613436313337333736653034313163623135
62376435316237666234316662613335663438393762346262336437303636663934356663626538
63636561366131636566373662333836363364376136306133356466613337313535333838653230
34353935333332626633366631633332363237623935336434373639343365636265663134653136
63383735623831613434303761623034326533653963623732333133323737303539636138323136
65393431656530343933613439373563313966633361306237326665663964343237313561643663
39643766356137663464316538326465363338633461613132366232313436353638633639636138
32336662633766343838383661373934636565643139666634386466626463646564643331326361
39656232373031303430346561303961613633666562336331343264633132363936383035333136
31643935623137326137653034656334306231393334646264383332366330343239313665626333
34396134616538363232376336373233663334643563656439623365643361373038623463643530
37313334313164656331616161313437396433373238633733666266303938633334613533353330
39376263313366353263303032346432383438663232396466663139343462663265653939306565
34396430623435303037333935323431653634636230313835636362326363666366643866663630
30613230393835396461613535376466386333343932393037336139333561643037313832636637
66373861396330336665336464373261623936653261303261303837653031633766393139333132
30326466326466613035363139333166303062363137343539356432373863343334353134306165
37643037623564343764393839636538366634656437663564363239366633363935643066386539
31346536373535333935363437666332396238623362666138613863303264626230633561663163
39353733656362326138653039353762663464303965336161343237383834336131353062356138
63393564383438666335616237333535633434383738333164373963373265613037343862336139
65633532623838663034653462396365613739343031356263346236653138663166663038656437
64363231353431643265663430353362396265396131383935663039333537646263383065366331
36653162366234383633343330666336666565313565313531376439346635313365383037663233
33666231616262653334653735663138623339626130373338616638326431393138373032633634
66663366363733303330356631376464633336666464653161336132626530333433306232373733
38393632616362393239363539646132623035333039366430323530356333323961376439623032
66636637656565613666323031393639366137336131663231396433323063313830633663336630
32323565343734303661636534363836393138653161363337353364653334633463643838346334
38356430626264373162333831633332366161376531313966373935363834343436353333393531
62626162626531366635303133636664303366353365323239626432396465626364643734663837
34633333313764383538366263663637346161363437666232653735306366623935343635346531
36333762643334383431323064386336353335643931613835633336666337643739633761316639
64663365363964666638363432386465393734383233306463306634363736663465643737306266
64383265353166363338623466366130353464396461313765393633343539373334626133323332
30303433343635626164663931643331383738633135633732613065646666656466303463303761
38383139383665363236646234333865623364616561613362613433376162363538646539316335
61363738316163353037636237346366643731636263316366656331343135346462396132666436
63623663656530343934663731663864316564333061633734306566373162303332343537366565
36336632383639346662646663313061626165636663306634323763303663333563643066333838
66666534613365353163353765353539393131363933663233633438303135663861373637636133
66383838373131343530343932633136383336303263653631326539346636356333323432396436
36363835353339663034333961666235346635323364383263383731323039343235373237636130
65313739613034363764313866373662323530633331623438303935393064373035393365373431
63353936306133653063666565383061353634383835306231623265356562303261323166613531
30346534633034366332313464623465356538656435326462303238336465316665663234643764
38633165613238663934356233626638633038663532643065663035303361373036663264336663
36643832396634643362376330613161316664666365643463663965633062353534353534633231
36373135666434383135363935333731373262373330313666616466313033313166306361353161
62333837623236393463613233623337373737643634646563643466386563623066353163653263
30333236373632333131306336373063323037633866656238633933386534623831366262316336
65663530303330386535623963633364653863656461633666343433376362613936643734336561
65306434323737313035373036336463383964333830373461353566626237393763333832363762
30663765653664633830623431316336663264376533333938613962396137653938396131353538
65616333663061393139616161663933653164636431363962656538646537653438346162393333
33643662363735626465333035343366623935376364396633363333366633363638383631396539
34386163396663366666383664393662373865373966333361636362333532633662333563386130
32313435643166373630633465323337623833653739613337386365663165616363303561323537
39663235326232656538646566316433383337666464373637643136623830346361333866326661
32613531323439333538623163323933383031373866323431336566653861376330663866333866
37336137366438626630306336323931313138613435636234346661616661383862373865313039
33376666333865393132353531326463626665333633353437383435653836326135323437303861
63353435316564643633626235623066626362646562316132303533373664663564623564343637
39333031336531636363343034306137626266363761636535356365353337323931653231663232
63343135303834663866616330303530656461383230643436333130643034346362373864336437
39663537306232396462613236633231636334333630663861366262616436316130353862656530
34383733636531356633376461323737623533316630333166633532663666366664313861373237
35363834336139356432393735633639663535336330613536376265643461326531366137333631
30343339316562373361663930396235653837383065366561653166326139353761336432336132
62323633653833643830613534313639393762386165623463376439353463303531333030346130
65643136326432353763616461613362393665626163636636346663663832353161643965303365
31393433623731343665346264323666646230633933326132353134383839663361396262386134
32353038386561646461366333353361343335623530663037343133636431393464343337616462
36313863363466393031313865383266646663613531616132366666393061303531643631633966
35306438396534613830666138386662336264383030353763633062336661343038383262646534
61336237376663393131346462653537646231373134383837366662666437386635316163353335
64393366326266313833653065633930653237333236396562343831313033393838323362656534
39306438633330383261613331343435626266663266343132306432316636303231393933303932
35626163353263313533343366316162613833363365636562306434373933383937396336306634
32663838306266363535303632386232306230373530303561383662353439373565333438653635
31633764333330626130303963623437373561333535633732386162663232363730663430303064
61383166323635383134396535383064616230313766303363613630623066623566643335656231
32333165626131343531383863663731323530373734613331376131326435653464643733656537
61643732303732343163363935656334373064366463316439333365353531643037666234353861
31656161663334626262363666336639323961303036623766386361623230376639643965373166
32396664386465663034346130613362313866323537616232326564653736383634623365653435
33663639366339343061343561366266346236356532616161653233353665623635616163366366
38343531326230323961646661666263383831383061643861626630383435306230663434623865
66323635653037633730643832623165396430316235643837326535323064656262303135373164
62633535386530333735313935323637663539366439343161386464383232393030393562393533
39656365313838633035323739383764343438303364333766323332643833313961623538393664
61303862343034626566623766326636376132356433333766613039343035653634316534323865
31663936633263616439363462376363373465353732316439313362646535303731653732303563
37636166356663386136613166663866386164303762663636336461656266396661653432636166
64303831393834333064313365316231343730623933646134383336646338633333333965313536
30383437613565313366333631393062366261306239326535653736373866616233303264313930
63616261666639356137323465383434386431656666336139636164303163316539633131646166
35613537623466373632353463656634346362333937383833326166643338343634613761336433
39616461666331663137623937663061663164646232383631393731323463326530346532636261
32326532343265613261656462366330333238373032313566623965393564333935333933656131
33343031373137373034323935646537336230356534363738326231316538383133356230613338
64626561653464663330353363386437363662323032356262363861306663346365376234326465
35376363393037396433356661393233323164636238373234656164333033383437316565333764
35326266373530353561343638636230313439333232383461636662383234633263626465336538
38326137613065383064613539313634306562393364616533323565356466306564373136656433
64333735633665326636376430363361333536366631393230383461323736633639386464666131
33666235656539343438633031316231323062373938393132333665613962386333336230383630
39663835353131626663346366393464313331613538643337343438663334373031353330323830
36663437623761353735303138356438343836353435323766383337396431383539393436636562
38353039373938643165356433646362326538363537383464303937653837303964336566643031
31396138383433626534303531303235336136623532353439373934333831306138323262623666
65346237633532653339613338396362303236333064333466353635633337626262646639383538
38306130643135353537333835616433663765633663353935363037303061363661633663363731
33316434396230393166386539613736303337616161663161396333326234656164613137383264
35653837343162333532393761316333363539356239343037393539663633643834353836653965
38636236363530656661323734373864653638656332393164373762393131323734633833653932
61353430376564363535353665656138373737643363613265333533623131633362333435313064
32376162366166663161383639343637323838643733383439373962656263666465653532623531
30313531346631336330323938663435373431633965353232383238393637653434396433303734
39636664623365386437386630343762633865633361343161306464363662333431386432373735
34613062313165313962356461306537386536646134623161656331323435353438356362303661
62343635663131663936346130353861346637383536363632633130633665643939636664386461
37373433333432303966646463646239313833643630616531336531363735643836326431643234
65356139386639393138
