$ANSIBLE_VAULT;1.1;AES256
65393564366664316464636261386430333635303061336235393936316436343133663032626331
6534666335333364343466303935393335643837313465300a336631313264636664363137333237
32303436363231663166363933356164333934393761366264333263376565613031613266616635
6538346530353165620a393364343338303834323332363461303138653062356633326361643138
63373461326338313432643631306231643932663939393632333662323030306536636633313164
30373763393637383539636237666231366338313536313366666534376364383134376337346131
34333137613035376138613738313734363530373930366239393865353836303739613365306562
36313766663635343834336536336432313432626234346332323337393933393837646134383639
35376635323139396564623062616337333330323666306336616165346131366563316430316138
34333835626563656634616639653431313534323038663636396533303465626164346237366262
35626637363734383934663731656161313336356438353238653430646332306464373364306335
31636336353339313635613433366266643138383332626135316439613339303031653965626230
36643237653637373736353366666666643139613730623764666664373139376230393366346437
31663736613237363937363734376266333662386135303861333930356436333162323731393231
64366532626534343439626361353039326638343430356533373638396266323863303062363537
63363063303263653961613266656539623861313335366433646136333931373839326237323465
62633862343561636266643964666366306230366634373130343130313963653438646662323766
33646430636336376431373163353833303462663033643234313031663839396431353635343163
38613436363034363166326335383863316239363431306536646666343939376466636332323634
66646166303538646237626433346262316338313666613138386662316266323762623435306433
39323836336335663337396532383163333464636665313366353063333932626265393865373339
34373031313535313861623836633663386264663564393130306361376136353564613564373662
64333735383364363138643266376232343638666437636335636530653430313733313962353566
36343964343030356666356639306466393336363434666431646363346333316163316564646363
64303761396166626436326333353738386131323033313663313661633863623835326463656430
65323764656533353962663937633761323562653936356161626666626564383637393064316237
38663637393861313231323834613865623938643834346165653638613436396263643536643733
33366134666631393663313665623065653261396139343534656634383632333739353631333032
33616534363233373630636562353939643863663762653661303734666332373566653636613332
37646234373432313865616636623636353963356533623565393463613539383763326462343564
62356632326230336561623232653539313563326136396562373734356339313832363239373333
62323634643536363937636639393532353036306539333363313063323732383966613963633762
31376266623330316237636635613433323836353466323430333665356566303338373066313565
61353266366331613330393066666361633262656461613163353863656335633739623034383862
32613839313039643138356337393338323039363562613463326665313335396436353931643566
35323364636465396363363666613162336665383132336362363466373432356636653366616435
61303866333231343935663466343566643464383333383661363131363165613930643430373266
65366664666636363634343734303536343566346161343762396238376430376130343865313363
32393763353634653364376662316139396131323561633463653637626162616335616235646535
37303865663934376165656436626230333566326565636666646164313063386663386461343637
63333433616138356539343337386665616662363935376161336335643763633165343731616266
35623339666234666665623139613031343030333630623231373363316331633766613939636563
61656662303062323432316434613764323438323537656432383561363264616130643039346331
65613032663531323734356635323937316662636664383033336630386231616137386365336139
62323262653537323865316636626566353835623536623862663632383732333130663064323034
64303636353331616439313437323131353832323139346662353161616439393663346230373665
36333734626632633236316434303731393132303961636438373563633864396630366639376231
65356664663833626133343462393133363262323662626432646262633933633063613237343333
65643033336139666530646362373965386634356266636363653634336639643763623466653963
62343465626530656639656630306132373863613437623033366535366162666531653835386439
37313537386233363635623466626538656661646438323563633762373633643337366165333435
33383834373465363534303630613237373037383162396566316261383730616566333335326435
39396135366334363035616130366635613933373137336236363630623331353733646433363164
33366534356366393031613566623438393862316537393838613964326132613933653731363139
36313666323435363639316335313663613437306465366637656164653538376237393734396366
36643566383061653062633930666163343062323564386362323930333030323463656239653863
37343234353332376434316262623064356262353063393135633862646164663435333739323661
30626430646162326631326661346566623863383766633438613734343461623835643861613462
63323563636166653361623438336165356533616665353365356338666463653239333364393332
37376635353133363665353232666135663133376564616533616461373466613761623761646236
34393231306435613666383765316538343034383234653135653734613261393361633932623835
37346538613132396535656561653131643965383439306335393166653862336430346131386236
62396438393861633565316635393864373733363962666331303466393564613336653031373362
38356337346635393432376365366432333565666530313431316530363663623134316437356235
33356535623363656631646236613339653665663930346234373538356165393132663435303663
30666466616636643130363062613035326534373531336566383038373063366538393563663338
30386662353736343132666661643234303737663034353233643133393163316262376231343931
30663066313761633965396538383363306466383131303437626364323336653565393631383533
37663530316130626164373961346633306232323139333838396130653364643462313665353061
62663231663431346262306533346437313536623638633337623763346136376237636231663330
35393435346437626163316133663031346432383335393633643265663561353561333266353437
30313265396462366261333963353231313139336430643763383166313664626534333339353235
35376435346439613630326438643638613336666235623162343630373930613638643062383864
34386437636339373931376437356233616163623932643336363030303837366430343261356238
62646466303131643833323830326338373335363865656261663634393265613130643636396263
62653937343238363734616330396133306232336264343230373965393130303565376361333535
35663463626635623130343634623865336262383335303538343134616132623936393166366531
38356535303439643731346231396638343031356435346636636538303462396563653664643862
33343037613664656163346636656337393230386234636661663465633865343330316565636332
33323163323235363732373365356133656532636335333135626632666430396239396333363934
32363834346330343862373433653738383339373132623161663339366565303633386432336233
35353234313034663166323761343035333435646565383862653839393963373935366532313036
39353265326162366662626466616261316266343533626634666131333432633465333437386139
39336133313934303638616365373935313364666164373263626238633533303461323038313963
66666638663062303165363365643137366464653962333931356339343064616338353962343034
62656536353834646539323065653436643963323735653534336462363030313335636630363031
38326539633738623935396562383330363039313864326535346165393666643437356263313934
31303765663236633131326133343132373366323339363366376336303335626461316264373731
37643336623933633534303936316635613462303964363963353438623238343731646232626366
39313138353237373831323665323735323762323133356334623833313064356562616266313464
30313731323135333062616661353638303631313039393962353137306332643035323762623939
66313930636630656361396665306364313030323137666536323362636332633736663263343030
62346137363366306664633138613630356233366631613535353235313962326633386636353261
65623131666662666665353033616532636436326432643831313130303165663932383765383637
37396462356131353962316564633866633230353564633836336465383732353639653164343238
30336565663262363166633139326261356262613765633761363062316130623132353261306334
62353830363662613536663861356562323139316162313131383639663361653630376138646363
39353132396536306261623365313533643539353732626631393637653032366137393631323738
34626264373536336133363035636666643966636638623933343031353636316661623865613666
39613633343362333038616461313966393737353564323437323732373139663333326430666666
64353339616233636138646637643863333834356566393439616663343364356631343636326564
33356464646465373465303137326430343462333337333730356164303730366434346366346333
35313935313439623064343735363362643836313736353765323733326439643633313430386337
66656164333735303037616333323235343463656331633630313263306436393765616164363064
64386631326233323531363034623632353634653432333561636335613031643833613837366439
32336334323934666533616333633163313363383533653463666336316131613731653263316137
62343935376262363533353136383838393732626164646664363563386363356435626362623761
62343035336530306164623139373364666436616431633134313934643538313630613330363630
34376633656332366632613662616339356232636366396631343261363863343363376266393136
62383032636534653435383038353930366532393230646361313335366134343338616562316263
39383364613535353833376432653431353631663865336337363130343138336234323632663634
30613236633966346639373136326264336163376266656334663630323737653365363033623336
64663934323235656461393463363738306235343831393865663539373532373033373434663763
66323561393730366132366564656261306163363830343939656639656638376666396238623862
64636139333763663332313863623662633334333733653339623963343664393935373038656665
65336238346532313539333834343739323330666666323434353130333836303032646465643665
38366336643139336562363437333538303136353533393534663037393332343334656432373962
65326166613566656336333536666565333231383334373034656130323438656635333766373232
34323161656430373336396538323834343163363034323735316364333239396265383836373330
65383539393762643332336138323032356535343965323061313561326439636461326164353262
66356465636236643861653230633732356538333139663735366632613830363262663930393136
61393565333737323337323033373338306138646233363931383839643335313735326364373565
38663661613933373266303435336561383331353938633462646239613162633966366364343765
63663830333131643934373664313635656637663966626430626234646333623466643238633437
38363166613439323237393836323335396634356138643636396364366439613239653633633165
65366462613766343439333761623832653462623037366165393266343334363332626438326630
31346263666130393431356339306430383162643534633365623064316162616561313635616565
63373934356633646138343264656132656538373635663362393433313838656263666662633534
62656661313432393765393136666137653436356162633364656663336534623636633333623534
35393366613331666337666662373563343063386437353061376363306437303131653739656230
34363334363939323834393938316638376366636239346534393531613366326534383465373964
31313066373630356662616664396135383438643264353236313365613263383630633636646635
32656636366333333561333337363039663632303939326432646262373765323633623139316366
62343061656564376333666134633836626237663266313266616331333031643231316537633836
39643966653131353836666663633935643162623837636630343739333230613934386638336630
62396631323437396366343364333835363164333238353764343766623763626539653938616239
33663130333831323030383238383537653438636630623331306637383632326365393636626633
64313163373437353865303861663030663730326662376331636339663030333663353137366463
63376362626362383131353039393062313132636237363738373166646430386339633834356634
39666361373736343131386233346433653132323732373939623834613466643366383761366466
34373236663866636539346162353565656561326139393235333064393263393837663238633635
35373139393131393261326662396563336438663332396366353836656530323534343031383464
37326231323139363864653764323063616237323132323538313664376438356266633862313335
31623631653661343564376465386461396436353264363864636235313134316136313966656638
64396564346239336165326438326635373437313566636437663833313761633431623937336362
61383163363964303035326235373137326262633766353564353636343734663834656162383037
63386137313431333531356636663735653662633337363632376164646562373634323363663430
32626132323431306266313534343666366264616162346666336632646561323030626238353836
33616334623131343331343662363665353137373233646133316437653735393637353363343665
37366632363231643261366531643861373564643831306638333663643537316162373633323434
38643061663138653830343666376465363964353038633362663938656538643836303563636164
30343462336234356561313061356665333539643130373035323933373434396261333136386433
33663964613638396437373337363038393865633664396138613731653633366538316466333236
66356635663735393231343738393463633662366330643637393431336137393538663531613261
66316136343137316631386638326565353832653036373065383361663738626130346131373666
33343336623138623065653132383335303830313865636164646239306135316562316135323337
36373732646633393864303761353663333235316333623635333030653263316434353865363334
65643063353934616634353636393330656636393366333061396531373165666134663538636639
65323037323637333131643839303662323230326465613931663362326135643739323863333565
38393437613865373031366466373733633335396338666130356562353265633064366636616562
36323064323032333930663536333031656538623162343430343335396564653631373433323266
66393035336261303230303636353239396439363835366338383535353332393364326334373266
30636136356330343263623263623836663565333466373462653930623038656166313135363439
33636430376461363364663037373030656338623266613832303161356238323566323637643436
36306162623830346562633733646132346362626164376566356631636334383961316531383064
34653635366333376636313632656365643233376265333263383834333837336339383161626666
36363434303936353861313534646431616165316164633937616230366338333634393234336366
37396661366463663564353561316463303737373461353437303562353663643134646638326438
61356666656565323037333461323662616535323636346363396162323636333663353164373766
66663337326336303133343466363937663039646261336462393361353038666538313932343466
36323265656637386237646165376632626138386336386665626464323833336234386338663833
34373739343535336137343863393432343835396235343033336635343437336639363864306261
38326432363864366564646539366266316366623465386264383061343765323566326263663764
62646339623965613238613133666330633431626638343834643132356237666434353733303061
32626635646161363862326266656337353334386234616466333765626436343236306262366331
37343836353166356366386531346337316630663566363731343466646234613039623236643465
66333537343935366430333931616462393164396166346565343164343665353663653032643962
30303263623637613738646335343037356335323236303133613265313733316465316434643535
66656435623164356539613435643062666530363830326166353766346239333665613539626139
38623336613266646463336339663334616561336532653266383035623632313165646236336339
32636239636662386439353263336261333539373266643131666231623231333434643961393736
66386661623636646133366530623664306639356236663062356434366539353331303935633839
62643063633562383032366630363035386566383332326337373965366538393533633632343736
66343664373030666132386432663163623736656535663166336335303237353234353434613333
36396166316235343064623139306235353961393666666538666335306466303638646632356165
61643765393534623537623563626432636436306563643331303362623334333633353338616539
66623736623433663665396536353732363364326237383732336635626362343230613738333930
64636463333334363838343835663530396339363337646164333433613037376464613866666461
38336564386262353964346538373065643532333061376238373433616337643465636535306663
36643331653633666331363034396162333764616663616463343135306536663232316237366538
33376264373065646232383436353434333263303233653734636661383937616364346334313830
64656336663432323832666635326464393963633035663363323763336162303239323731656431
32363563376261323563646564303962643637376533623564626239633035303461343063383138
64623836663638653238636134613364623839663731373536303933396335393936653035346661
39666163386463306265353636356534313933383936666232306465303334356265373530383738
65643931633637666363343034613364373636363037383738666138306430393166396236303462
36616364613030313830373461326438313166613032383166306265386433333732653661313963
66653065623663396465336462623332666434313563373861303336613839366462633561316366
61653738303266353339303336656664363231326132383137616363356233623736663937643661
32323535346635613036636639323436343663633932663263396362613961326239363264326561
36653865336666383964316633396338353164343865646138363165373734613833616164383530
61646632643765653064646462386638303163653731366439356264333132663061636533393539
36316535383138626433656337313438303532623539663135333139366463346636393036373761
63306262343861353564396239346333613461636164633633383337623361373337333465356431
35393834313334363265616430383566343930626135303662616266333364343236386239613034
66333262353363346565366565636666363035653163386538613466333561333736626534316261
61663039666561316133636638613231336434623934393464376533636561653266356162346463
61613363306362636362326339616237336335336630616166333933623063653866323762353564
36643564383637363661353431323439313831646536336362386663303961623331376632623536
39386339666261653330623938663362626434646631623132303535353134356438383336333963
64353730373833356335343661613062336638313465623930363762323531316330393738653637
66363334646339343137316330313537393031626135633939653730656633613934623662636538
31366363373165643334616561376534396631383362636138613266303862343064346630336432
65353965623236373464303835666462376131356632373766383137643530626561366462313261
36623936633961396562396131643835393439376330376331633435666333356262626630623838
33663061313334393032333261313736373563333264666561643964363138306661643334643331
39366463623537333330346436633464346532303032396331303366393563363032323864393438
37643366373732323137323331333737633761393131663133313839376534366532356664376133
32396262306361373164373365326661343733333164333333396462653730313566383536316534
31363065613561336439303362356136636461653431323762303739386337353965363935313037
62643463383561396130643638666465643235383065323562383963316164303434663832333435
35333433323764386332313333316431656661663437653238626234613237653933636163663633
62373036323461386164333138323632303161613763653864653034613836613264636364363161
35386562386536333164643437633366343035396136386565626434313662653337336130346534
66623866663339666465386461346664373832356334616131653730383930336333303263343630
31666231366134656335613530393137396233643837343062383236323033666132313736656537
64373738636533643966633236333965313465336530613939366466393934383837343136346664
31393462623763663262653863333266363432313233366531663637396564393338373539646663
64383964313636376531653966646363656434306465663930613134323663633830396234616133
37643931633734396534333631326335386534643639306238663437303062616337316362373164
38343231393530653435353236346535343161623339366631316132333935623839613734623434
38623430383465346430653035343963343462303439326164366538343462303137613161626435
38323665366432383130336262656466326539613366396330366666653931396537393733396463
39393334323935623738633234303933663439643835363161306537373235613539663233373938
39333537373634363465353432363237336335666131383437336437386634613765613330306566
33333036303565653738336262333239343339313933306665643533333964653535333762343033
62623965363762656237303737666435353238366236613732643535396662353861366132623732
37373633303763333961333761326439623730666263356133386631316366653637616338323661
35666463616664333739366133396439613335323536346230393434303232313138663139313837
30643233353661663063313166376565363730386639663934653739663564366162656637643361
63323136636637656437326637303233613931643230313563336564643465363238363930656166
65393136653730333061343335663662646331363966383339623332393965336238353235363931
33353462393135333364313766653831373065633533626131616166363236353963346465323831
30356132353531323939376237383636303465646138343962633739396163303336356537636131
31666435613966376238646161646137366161653731656539666135376466323463313361633438
33666434656639373739393666613738306330303936366538653961353763373530316261343635
63386635653038303263346364333231393237656461363135613038356264333532396262313035
66613430353765336139616537643233646331643732626263373561616632383037636361303166
61323133333362663235636534653839363938346538316239393261373566366431323761356331
35383734653262323838343734386663663534643464366464396163336437376230373064323231
36313766303666646462303232326630623062313639386239333465643539643863323733653963
31636638666264363162393064343830623734363435376436323536313933666536663137366538
65623363346139623764313933363666633537393761313664313264636164613434323636616463
35306533316333363131343335323663623030636230343863316130633035376436653533343561
61393336633163613232623734633334346632653230313830323866626630313533373764343966
34613735336331303934663335633634373031303235303536623034393832363066366238373238
35626465643666316261363734336462376236366236636535656437333237646333333936353136
33336662316463613765356664646535626561653839313137643564303631356334643261396166
33653161383736323434353139613065636631383161373662316162383334333534383839636133
66303663333065626633313962636336663432623931613930393639646439363961393434656661
61633430653133373836353732623533663731333865333138316632353634373133393566366637
34333730383561363463316562396364376337373364623036666438336636303065666461306439
31313030363336303361326365303435633435306631316133633539616232663838626635346436
63643134346330613266333563633465336136623062626537373032626463313564313738646531
33333735383338653966666336376431353837396161376435376663336466356130383461623332
31656365363835393034373164333032653261613261666330326430633938393231613930626132
38313463633366316538633964326437393933336233383333663130323636663337376162356431
39333233386231613530643636373432303866643566303935633733646536326265623239653661
35663966356437383234383461646536383435333037613439663561643362323662346463366363
63313031356563326535343338343762303766373430616635633230323261623438663861386264
62313464363231343565363565626366326631663765643635316162656563613761613564353163
37343436613637626566336534663466656232323030316139376130663063316635643062343764
63356132623266623964643533313431343962366236383561366235613733366634353961633236
34623834646366373838336332363733643833343536343936666564333431393133613261333333
39363961616338646563386638396438663233353466663763373735373966353736336335333863
35623866623661336137653739353764343766383061376339613966356264343766626135633534
65336366356562373735313233363562336437396562656662386637326138366266623338383163
31303163393730333530373832663839363738626335346239373866623264643264393865323930
66386361656234313662663138313033336463373233656135666366653261303936353762346331
39353936656139363335376161613830396161366334616234353331633664653639623331663066
65353036643762383731353738623038313865353536616161323231393537316335363535306630
31353339653834333439376332303562333663323566333737363739306264383031373962393966
34373565363137616136303331633539623437633236396233636138303763613066616238333935
62633566343538653938323064326264646230326562653764373535613237663233626661653363
36366136346232666539646562626132663031353566653965313533623338383138373638663931
63373664656238303065613637383537363566376666373734333465333935303736396439643363
35646663383433393237313233376132333230383539636362653833316630303961616633343637
65343139656165623561386665326539383337386538336334353765383833663336303761386631
64306361623863376664363763613062336230623132303830636236633738386163303636336238
62313235346434633431386237643661356434613938326631396530643363616563313233623738
61343863333564303133373932376462623436393231353433383163646434393932396336333761
32363165636666623338393633373231376263613530616638613531373537383234326666353139
39303362393533393336613965313634643864623366616339663339326638636234656161366162
37633737643764653931646630363631393636313263343262353536353936656137386631616265
66393933663466343439356361316535656364313765616133326639623636396436313261623862
66613065313731393066343561393839613765336161326632343266373662616361333265336339
62626633323139336664306362653739663435663730356465323363396265316663343232626432
64643065616230383437386564636638626331623034373666326562376164646566303161666666
32316465343337666632363434313266333666343934373130376265613030313935343730393736
65396131376662623836363039323832393535653965386165663134666134623239383036646461
66366562313764636561666234626433653266333139373234336165383837356433626334356431
64656564313133613630383236343339316530626638643130303766366330666261613338386534
36393735653061326336313034633631343466373737323438363332386536363061633233383133
37303437326237316530613966363863313631376631393834353436346435323864393534623965
64353137326635356366653763366237393061336265313662376666363035333531636339616561
33643833656232363063376335353732363633626232353664663835663263666534623837373436
66383231366461323864363561363466616630343932633764336637613633323234646530623630
63336537643234303937626638303530373534613263393935613936346130336531383765323766
63383163383937653364636464303366393233323536333361303832396464343962373635616231
39386239333261346466653038626639376265353334656439623761373133313161636133343138
39663131626538323066316662363734623663666336626265333766386239393432343730633661
36323937633536636562393763333739343165366661313936316137656437653030393666346536
64616566393561336131316230636233326533343730326338633363386338623039366132313766
62396131343439303866323533366436323536353539376265303138316432303061636364363632
39346532323762353166656336313863313230323265636135343031346336326631393430363038
30316465336631626333386334626132343334656133313264313630343561313862343565326638
31323632666436303139633931383931313338646330666165633035363361336239386462306666
31316565323033653837373736626335633361303963333362646334646564356438656437613438
66663865353066316632663133303036623466383833386132353738646330363263666439353332
31336661383530303165663962323337346539343838303666393263343636636635333532303961
34653431323337346366343430396235613366353931393265396336656661323135656337633734
65663330373166366365633239393833306532303862303637646333356539653165363936323335
66343765626666613838316465373439303530303438653364616465386335376634383534643466
66613735613162343062623135623838626463646532306337643764333130643465663261653939
35373039333430313236633933383661363937636465346630323764653533373232623531323934
65616562303737333239333764613137636234333932376533396438333166636631616132333231
30653865626132323833613739323663366331373432626266303632313961333663336335663337
32373331636437643337623533366238623137616662343935636630356464653030356163633432
37393536313636353965613532653635383837333338626261666537653531653634383936633230
31663266353630376430343162666537313636393031666531363832346335616437333339646366
64643261633761646266346365656665333736376139323937303235366132376161306431363135
62616130386433626433336133363436353036623362636365376533633765343261386439353636
65663238326636636261366233383664613933623766643035646537646361336330383633393765
30623037646234333266343032666431393134623361383963383662323030303536356539613534
36623466623462373561326337346330666233386165386637313434663033393333303030386336
38663235343531333432613566663930366238343937376166343564373430363361636531666630
39306239636636643931656130613330613138303537373837636334613262623166393231333666
31616466383034383035386432333361363032303465383866346233396338313030613938313333
61303534373264313737643038316438623435616436343235626365393661653561326637363631
31366264396336396139613939333333646333623161326239333936623464663331363064633665
62643630633666636639346461666165363361356339306637613833303230333139363066353936
36653939383061323937396433396665653037663062373364333134633465343730323035323866
66646539626330383263333639363265346537336436346433376338356639366464663130613935
64373033666466333438316365323464663062643037386333333135306639303565393939613161
35366565396363643034323964633165323534626130366539646633323863633164303766303037
36313666396134316165613037356531333830373431623133393362336131643736343130333863
66623234333035616566333165636137343235393664353639386335643236393864656430643835
39643936363666376431666338303634396434643032313864333763313630396434646561393534
39646333376164306661646534663239323163393866346631383036316436393236643830643663
38383332656562373864306536623539353437633564343531313639343664623936303563616331
62636466363036623130613033343264323130643966616363303438316635353165383266316365
64653161326331646233313632323130383932636239373561366161393465396263653762303330
39643433353133656238633234666566386430373265343234346264323537633138376531353964
34376430356134393036346163336137313434363831313030666264633833393234616465353961
64313333626432303665393164373265383032316539383062363336623233316362626237323634
64323666313765633138323466653064303639383663373661353333316238646430396365323862
38653331653364303938643561633866343432636261643162626239303965366361613735356164
62643462336235653734643963396533653533346261333938373665643036373833373132653533
62396363326261353137636666623138393636313233656263303133393438666239363332333333
34623432336163333263313438363937303766306262343862613262636534333834343161356437
39343831653933383433326437636466343766323030666435623861656334343962323738386537
34626537383832313938383934666432353937633833346437636134346238353832333235336532
35613632636566666238373436353337363134313734396465313235326635366333333836636637
38333963626264356563663534653363636633386233363062633966356437623962656238313634
62623964353734343137646536373162363961346630366537626437613366656566366462356332
34656538656432376131393465346335663666366665393661646465626630373862323565343936
36663063386465663235326461393564333331633838383934363632663532653938383433353131
64613461653562303166306364666362383234353039386135626630316563303536613765663238
62353966646131336233656366383735353136393130316363323137333162383436656533366633
36306536386339623161313935633338313637313236353861306536396539613861353234616631
34613030366434356237653031353562363064653930646335366431643530393232393962666239
31373866666537303134633337363337656332333663313639646130633831336536353734656537
35313564363465626633393036343032633562383664316533336362373966346366303434333763
30343230313062666437666336623663323562336663656264376265646337616566383134663465
64336635373335323331326238633539613864633364363061366434323337346634353037653235
36663965373465343661393439313530323138636635356364336134343639343065623935383633
31646265393333616334343964356632383638323839313732623165653830313338613436653363
65386463326365643031616561393635656466643130383433633639626562313839343637393464
61343431323263633531316639383632336236616566363237623462343063636265653661373237
62343636306132636661646532666332326138393533393063646331303663303332623863313433
34636532663834396231343266636430306637636639373630633163316264373636303534396239
37393966393235313633626565316138663035666661363232613332386366303162623762313163
32343761366364613164626130663136666133323132623635343563656261613038636661613532
39633966633865646363616461623439366366376232356332353266373361653137396530333036
30636139326431366230633762383032646432353261663530333030306535366362356236323661
33306161386365336631333936343238633931623666356461646636316265333363613236313463
32623937646538656631616634306134653964633762306635623035666362353836356433313031
36656633313630303666313863643732306537333430336135396336373461633730366635356463
63343530343839663534656238343662656365376361343737646235363033326439356465626538
37326139613032343833616263393530316266326161306132366564366561616666626165343962
66613234343565383334393731353534306665633166376362316438386330343265393139623661
32303165313033653662343234306339393633663365303736343565623263366138326536653062
65623865336264636138353166623863623831613465336561373731663938643465653931353238
61356564396434653565663333343936373737643739356231303532376361383434343766363435
62326563313439386264326361656561326666346261633665353939396437323234393732363764
39366265386231666436343035303266636666396466653263333436333565316639303831346437
30376266626333343031326537336630363965626233653933643636613766303461363734643965
33303738303766313834376161333366663838653634333761623532656435336465386365363865
33626161316232353066353733313439316637386635356162376432393265336461386437373761
62633366393939383038633932613033303165393437393430303037633033316666343265663539
35663865306238376339363832393636623638396131636566636563643563353865306239616635
37613461626164663361613166393762656463333466326536393465336234316663663861353434
37363466663831353939373832386535363532333464626165316137343564373232613063643937
33363737656632346233313863373332393535386566643034373964303865383762323831353132
30343733386461653966336537323031383739323665383338656535633163323037666365616363
32616334303133366330323663636430653133636530633130343932383261343833396535663333
64623166656538336331303539623030646632626134663835386663393735623734346535613033
39303862613166303836373930333662633138656161353761643561383533666161326130376566
63396432383865653235386633303663386533383338313239626631343838323333356162363838
31613738623564393131313431386338376265613436353866623137333533646362313866373564
30373638653231613335396438396330353238383234633966353061306430323736626564396530
30386232313630333364353233396361313966653439306638383235623064643132386536623163
66393464383265326665303734306232343166346364613663356633393437326131393166666266
65373036356438373135643839633338643063613530313534363832643961316536373639626262
61653135636632383431343832643733336334323939343735633634653133373339313032333466
38333466636666323838656463316239363032353865373162306466336363326664636631363439
34353264306139363165643737363362366266623563646365353334336536393632626637333962
62616534633231343032333233373633626262393261626138616438356134323865363830313538
65663661663765303332636637643266386533363136663063323263663237353232303932333231
65643064363833353832636633636631663835626565303962373335316162376231616666636434
62623162376161326139366632626133313237646435636462373831366233363037396636343134
33646461626131636561653964636238646335613836313938306130366239346131326630656261
61323934633339376562346561656166656364303735393233353230623039666630663534306561
32313232616161346166346635353231326566356466623338613661643664643839373834386663
61356238616131353561623437393738383230356234343762393738656336303061623438323831
34646563393164356234653535313031653866663865613439303064343932366538363539313639
63653632333561666265396564356231386530333039643739383637303263343334316165666530
35333938653131653035373438633665343565616335323064396532666663633135336234666339
37373631613163613737666361313163323237623736633833393637656238323931656138613765
38363638353633346662616639326139303063626132663965313830346133663639323162636236
35633839373763333763323433326537646234326237303339313137363939653861323730333937
30636431626263393163306432383666643933626331383362663363393462653363616237353362
39303831323335643732643639303535383566353665323737303332353966383865663930383363
63303739663039636433306263613961323435303132613666353462366266376361396339613966
38303563303532613862386233623730333038656330643934666563383535623361376630613664
35353063636231373532613934323038323332623630396633306134376664386635383463343364
61323565353662666635366233353164363731363434623836353337303733326632333030623164
36666361643838323634653466346236306439356264323865643734383534653838353039633934
34323239653433306339323139393636623933383665316362633638303531303232646666656361
63623937643630323732353766656332376666326236313230646635333465336666336135336237
30346432316531663433626565646462373635626663636639366261383163333834653763636130
39373663633931663934636238643737343363303733623032643134643564633438313638346435
32626233303966303931633639343835326564646161656339666634316631383264353030623732
64396233633035313836633439353537376132633234333063333065383362333561363030623462
32383137646430363931653964303863363132316363366132326237633761306534326536313438
66346163376431346538346330316561356230343365653565373164353861333439323932316437
65353030616365653233633739356334346566356431343538313039663539306435346464356433
33646132653138613438376464316632353361636463316264323631616134393365303436356135
36333962383766383863323963613163623832393066613833653566343465343662653661616233
33323862623861393630633235383734623165306161376633393962616566646562343235653065
65396336323835363232353233323330323135663737386336663739616362323731356338383032
32303336356638323533383639643338626463653035323962636137363963633461343331383563
34313230393435386632666331316331303339333831613238313666373265666663323362663661
31333866366536336166316539626633663963343334383534383639663637383433663335336537
65626430383530306664643738376237376664643231316566386334316131613962626239303338
61633861653533343962646565656266623038373134326330626362383933316261346338333462
63613662343338353163333466353266613664343637306331383964393432336366333133343533
66636435613030376636326338343466343766623639346533376163396634343663613661303832
64383961353737653162366165643030623834313566303864633035386333366339363030313734
31633362386534326230
