$ANSIBLE_VAULT;1.1;AES256
65653632356666333566313830373032323537303431656233383765303461623331656162343463
3464303035643331316233616138653830303863333037610a323034633530386465333836646465
39666435383330623837623636386631666330663935336436643766613031663436633031356134
3362323863346635610a346462323061356430373831323636616366633735313762303139356636
65653636613530626666643134373565346162303334366437616130633537646465383335343532
31613538383965383735303135626233663831333363373166306336323030386539363064613165
61383939363764653135646230386164343338353831376265643232663232656362663730663361
39333532306562346238363236633632656434383166333430343935326636626430376665623237
31663537376438383364623134613862393365346364646136393663666134353736666432623833
37616365366132343764646163666434636134636636346138306162626163643434363133363934
33303366613937623635643234313235326136386139393766303565656563303032373031633336
66353531626564393336393734386633656163323066623031643536656636366635613263353239
36616334663334363962356337623630633732316431353532363930336232663231363366613662
34376232363366326339653462393764323336313165343033386263376235653161633161666165
31333533333834633436653535613033656563616538346333333139656461363564626266613939
34326636663439613033326537386337383562633832663236366538336132653965653634643465
64396266653233313237643637653062383233633261386538316437646335356165303833386436
65646136303236333630323563656562343565336633363238323265626231306431363531303035
33376165373531393664666638366266303461356263343564343562646162363832326232313438
34643962646136336161303733333863316238666438633666366633333566393661373639656239
33376532303264616364323566363133663336653966376136636663396665396462626531353765
63393761333465613831613935366639373137643338353536663366303336663264313866646437
66343034346437373933323731303464326338376161353030386636383562376431376465626361
65363864323066383432626565343833613238396337623864316234373432633462393938383132
38356464323236326439613763306134663765633165636332316135656335636531363266373239
38633564653062623939613262663332336261663966613564323565323132383635393266376230
33323734616237653432633837363939643137653864386364353830663664656432396235646365
62343239653432376263396463313132333864336462376437363666393432396234643731626665
65666436346536396637623962306162363337663734363563633464303664323238646538326136
63313161633462383232663232323133663461343866323535653634646637363038353532663738
34333838323333376432636664343161646366343232333935623062356361616432343364333237
33346632653835316533636261636632353237366635353439306666303336336230633931663065
33316231656335653231323162666133383265633966653962313661343163353764323937376231
62363066643035663731616536316133616338623466656631643065656566373866633930333166
34626364353230393663393662636535646433333566653836393835323562313032393366366165
32626432313030373766353734636533393832643666663132306563653162313062366430653735
38326631643762343866663365656136346433353238376132373734376430366461353565633330
30336135656266623135646238623734366334656531363130643138323535353833663766366438
63643439303065303034346331643261333461383038633436636534346435366561653437346364
36396133643331396664393834343665656137383235663233643165623135663865663166623864
66646633666362343630616139393139646561343630313531653936643661623734376634326231
30323731363964656162363166343530336566326135613539376666343563396636303531323530
34616437336134633166323162376661346165306332656534303566323439333636356263363532
38346337666130346634626561636162346232316134373434646232303535636136326664666264
37363032366630633539313232653564393065356134393263646636326461386661613538383033
35643864623035353534633233316238363665383366323064353138386338653462333161373361
35396565636336613566346632626231306537343662393733613533626137393965356235356139
33626362613438303639336433353732323030323038383961356164636530613264313038343732
30373039346438666530313431386633326163666430376631313666646265323235373837373538
61383866306336346631323336326464326539346566383333623365353531313662313033666163
66633235353235366635333433313139376463633935333531656231336265646366623836366534
30633931316532663530396536346336313331333536333965373565636639386530633964356336
61373938653964393638656136393664613130383762326534326638363339663731656462353232
62653535653139636261356161633734303535636330343637616463383064316366363963666465
34643766373432306134646435653030333666333765613330343332633135376635313438376638
35393761643037316631356665353563313532313739336339613537383633613961383333363239
61656336366530393165323461313963633665373362346637663638653462343034373336303437
33653566336639356162326134376462633766646434306134376332393135643230613637633136
64393334383064346562376363336533626136383139396433373966643964633033336237323733
35653434643863646162336365613636373638376165376633353537646462623333653864306661
35386237303133633438343535313739616561373563666162366636623834313037313830343038
30376564383639623735616531336637666262636430643931393963653662333139666638323834
35643262323963666533326434373536326463313065303134653766313965656631623539633830
38623466386633656666663862663638383836303230656232646334303539343730353235316237
38633535623237653466333536653831303839306534653662383266653064306331613063343665
35373135616563303035313635353964303134313433633761666135343430323465363135356238
61393063386233663830633663316232356130303639316136643463366538613335323434353962
37343461396461343230346637373138616665653164316534373936303962643134663138333639
30633630623438393136343237346536346635643164666263633262316665663933353635313033
34383265326266366132333038656133386435306639353861646162393863616665623437303435
64363461666138383934643735343065346664366434393531333161323131396466303863363766
36666261663062383762383439393034633263363139306336303334333666326139376161646136
62366338363836313466666364616338396131633165633436613261373363336639613438636639
30326161366337303761613232616664623962363866613730333832653762393834626331386132
65366532373130326164313035623761373830316462396439346434643239356534616166636338
63363133626439316635333632353863613338386363333963356339316139343539376134646336
38643538306635396538626337366338303130366563623236663231343232303736373736343338
61353664356663306235353237366635343831613937373162626133323066306538613730383436
65653936663037356361346135613136613261306537343630646537656438653263623066333730
39346132356562313531356135373164393337346264633032666666373630346231623638383539
35373230323035616432323665643533346635353863356566343330326561373730373937626431
30633631356333346561386462383063396635383935313366633430653734376637363630326663
35303732653837326535616564656435616535386537633937376166383238333233336332343832
63386662333164643633326337333731393237613061346335316534626430653736666338343333
30623762666162626166383430306439336635643965333132313936656533653433393365313461
35393632633130663561383734626238643664623231373532626338376563633265353438653866
31313763363561653336333836663537653130636132623631326339656330653834316639616165
65616265393336623132383463353732333466643266373333343837386365366438393936336533
37353735326139393064643664323031663561313230393532653831643865373462383765373161
36366236613834323735353434303462363462383535373964316264616235316335633865363161
65386562616461396264373436343661633630396333366638653961623636616134306662316134
36363230333535396164623136646266316563363966393363353963303137376239643461396461
38306434646237646636363033346330313264323965613233393965346232663838373838323061
66353665323134616161646237623838356162653730303630393133326662633734336136613530
66313961303636346262396530336163653330646462356134666331366661623261633637393034
30313431653662623462343665653835636235343034363664343337633131366661303966366162
33653834386232643263366439333664613730616230636331313436633737636335316436376464
37643366383035363631316331303261363665386265626136356466386365386262653134646561
37343761366566663032613539356138626464623961346633626137646661376665636434636639
66353430363536633561336664613165636164643535633531393961356235643638663333353366
64656332633036613036393239646661663232336539323131326236353730326130363462356332
31663936373836626165646437333138393433346366393065376234663562633333356563343433
38306161396533646237613737396237303765653232343639336231663730313263623930306666
39326335323661313332346634613961663965326664653039346331356230303338333332613863
63393665306430333734623465303539396631343539386166366533633163396431396631653339
61303061333633323665333030656165623435366564643930626466633566333235303036363536
33353630653861643639346331313066306265396630373562393665373863636666333965323836
33343133336334343563333637336535663131656132303162643538663832363630386536613731
63643934336130643063333037333235316461383466313834313230316265636132633335633538
65316666313661366164613337396136316462623961333030636335313939613935316662303737
64626537303235633064393830663938333838613736613730636433653236303539306664653061
65386436653132346462373935343835666437656536376462646561373036356664306363626635
63353462373034363635366432653961663963623866616262356439333563306332306237366163
65346334353133346537386238666533313632343137623038313966626135646331663639333761
33323337646565383531663839626235396635393339626265613264303763336164663334396266
64353161343730323564616434663338353631653066333637663334663561616334653630313734
31353637643934316463333735323532366338343734333365613761343732666333663265653833
31376635303039646432386563623666653364346137306531303165303466656366653538326366
32373039396331633661613262376435356562366131396462396563663432336164663863343065
39396634373465646164313137646238383062623934333636383365643435386266393236653433
33376266336639613165323036613164653738386636323962623231333435663535396131336132
62623561356539313166313030356538373632336338336535653964623434373839393438663238
32653962313235353766316231353334633432363339363033663463346636626536323630633237
32326439626332306363353531656531623162646439643333653330366132633239333361333761
30363138363237653232386539363435376666386661656566306236643335333961633033666461
64373164626133613838333534653633623264396135633930666537626565653935393238666134
66306138613232633734343135313936623261363239393637653536396462643032313038663165
38363533623039396461633438633930333363363339353965316636343466653865633130643736
62353166636330643135636365306630343236643634326563313563393036386334346539303330
36383463313636363733376639636130663536633161356366333232656531666133616566303930
62386137666636343835333466613833363139636333303464396630336234613464656235346564
36393733633537323134366637383265333937616636333764356333643831373062373036396165
37633932626535633838653531356161383131636563343465323637313634626137373166366634
39326563356137393032353166383233666366623765643365323464666564326334656137323234
33393831316461393136306632353762333463396661666638353664353038323539646239333363
39666534623138316633353736343963656363306364393463383731313039643737396232373362
37333837343138666231303063623139636232623561623234386162323061313362303462356136
62316434376334656264613932373131623535333937396634643462323466656166373862386637
64313865326465316431303065313732346465303863646133343039663034323466613236326432
32336133383662353331393966393138386266313765373732353038343032386439336339663939
31386530633161333239336632326565323932393239303736663861393561346361333835643132
63313262633530303735373437316236366530323231626362636131323565626265656637333462
62323432363262666434306131373435623061353633656633386430666563366564316331313462
65623266613565306536353337336465363562623562343265623665316563383836366132623036
62623930656164363032313532333931373732363861346439393466663264626230363132383065
33303466393136383334616630613164653964386363386234323031373436326237303364623831
63653664666564303566323164633263373231376361646364366631343338363565303432343834
37316363316365303465636266323031663034386334326461343665653361643937646636346163
39386331633463653737653936363362623262636134356135306336636462623966633662366466
61303139343866316665373134386336323366663139336535366164346435323332353136356364
34646464306139333065626565613730353561363764643239356564653262613935663066366265
66306264633763306266626539616565663930303164323531386638646235313032383332663766
61316638343438306563393162393938343566613162313634636464636465316265636435366262
65363132396137303565373930343236613961633463613266326461306261653731626335373733
30316162653634396433643430396362633536626565623932643765396365633530383133396138
65373963323933663562313534636434303030366163323635653761326431306330643039353434
64343665623961326661313631663430666631616235303235373133333738313764373638363166
66653839666662633562356535666530633163346437343761313634336261343465363535313264
66373437343134363431383037323635656332343133646162636437396234633436343431666662
34326666616133373961383434343164623236613039363663356639636463613065666332623131
34393938363439343562386533363137623465393035633839353061386539323731343339646630
37376435306164353265363636383364316537636266633266383265656534666637363664343638
30316161383066386264373639353466353532323835653239353166643961373333656330626337
62636333623063326635386433346464646630363838333731643130636563393365316533343138
31323537316566633166656261666162323732653861383039643439643963646366613238613330
63613434333634333061663238353337363762623161643137333331623433316664373631383934
64353562636335613233353439326432303566323033363332666132346333306231393563306132
65356166376534303463363737376261636365613039633762393634306634656263633739643865
66633832366332353137646561383137663533373535323335623634323735633164356437306331
35326136373566623465643362336536356234303366653135643562656132316630646133666333
35303461356561616239353331343164353330353265303261373836613437623332666439373462
62306132313566396431343064373861363934386531613832353362303565633437663730343961
34386261333939623563646531376437393130653061663136633635343231316536333462646232
66613030613966376231323535626662313762653466613765623664666362303365636238633463
62376136633935373666633537303265376339646431353738376466306637323936666666616233
33613536353135656530653564393130343437663031396366393365633631363730633735663736
66366465316333623039646662636436656234336663363238363962346334396139323637623930
30323135666366663964336637353961353633343334373137616465353434383864386461306632
36636237633566626631363038376331363034326162623834373932356636306665396564616130
36313934306139623466656330316166376566633431663733663163326335616134376133646236
38643036386134613634313539626631316466393161663338353433363237383864613433653935
38343835373032336635653439316633616166313763316335636435313162363063613631343166
33393533333937376638613434613132316432653734643664616634323130623062326561633438
64636130623934353365663463343162393932613433326431393935336538303362336239646638
65383533653532313737376638616565636364393935373363393061303066623538643430333135
39666461323462613839633061663461663463663332376665333637663134623263633163623934
65663531333061306366646666383832333230303637343165653462613333303163393335393837
36323333653333303163633435343933333961653266616364393964386363663234326535613464
61623934353362363038336665653032616264323033643566363461623931333666363338373030
61623439316432313231313761353964613563333161366461373131336565396535326162383931
30313962376238306633363963386261646530323463666636393766376362623833363534383264
63326239376531316536616132633336363832376335643339323765313661656237323534333038
31343639386639646539376261373462653866663837626166303731323236356561393338393237
31336130613835333630373262393561356138383138346662333337656263386335616166663133
66356536306436393934323437653863383931616565393662393631666266616662366361643834
33643536376639356538313663633964626334303537666462396438353736363832386637623133
31353731303936303835303964356537633737396665643338383837356432313632663430323630
31613261663062363861303066643839373166653438343261383264386334343139656230323161
35666562363838373631626637353866353663343232373965303032376134646461393239383230
65303139313261666364366537613365663632323732306431393166363865386233326433333534
62613939303664373937363636646232376535383966623936366532303965356332323836303861
64643163613362333335616534646339643232663931356161666339626135656431343230613534
32316163373634353566303261303134626666336230303030343665343536393361643564343337
64313462623630353766356336313534393161383538373261663839623135396138313531363964
65666537393531343538363232343735363965623161363534343434316339303065
